     2   0.153E-01  1024   192   100
     3   0.988E-02  1024   192   100
     4   0.792E-02  1024   192   100
     5   0.635E-02  1024   192   100
     6   0.535E-02  1024   192   100
     7   0.456E-02  1024   192   100
     8   0.393E-02  1024   192   100
     9   0.400E-02  1024   192   100
    10   0.317E-02  1024   192   100
    11   0.269E-02  1024   192   100
    12   0.353E-02  1024   192   100
    13   0.218E-02  1024   192   100
    14   0.459E-02  1024   192   100
    15   0.449E-02  1024   192   100
    16   0.426E-02  1024   192   100
    17   0.464E-02  1024   192   100
    18   0.332E-02  1024   192   100
    19   0.205E-02  1024   192   100
    20   0.211E-02  1024   192   100
    21   0.217E-02  1024   192   100
    22   0.203E-02  1024   192   100
    23   0.196E-02  1024   192   100
    24   0.214E-02  1024   192   100
    25   0.242E-02  1024   192   100
    26   0.234E-02  1024   192   100
    27   0.274E-02  1024   192   100
    28   0.237E-02  1024   192   100
    29   0.329E-02  1024   192   100
    30   0.263E-02  1024   192   100
    31   0.231E-02  1024   192   100
    32   0.215E-02  1024   192   100
    33   0.205E-02  1024   192   100
    34   0.234E-02  1024   192   100
    35   0.216E-02  1024   192   100
    36   0.259E-02  1024   192   100
    37   0.213E-02  1024   192   100
    38   0.219E-02  1024   192   100
    39   0.219E-02  1024   192   100
    40   0.197E-02  1024   192   100
    41   0.206E-02  1024   192   100
    42   0.236E-02  1024   192   100
    43   0.213E-02  1024   192   100
    44   0.236E-02  1024   192   100
    45   0.202E-02  1024   192   100
    46   0.206E-02  1024   192   100
    47   0.197E-02  1024   192   100
    48   0.210E-02  1024   192   100
    49   0.202E-02  1024   192   100
    50   0.169E-02  1024   192   100
    51   0.209E-02  1024   192   100
    52   0.196E-02  1024   192   100
    53   0.207E-02  1024   192   100
    54   0.196E-02  1024   192   100
