     2   0.465E-02  1024    48   100
     3   0.310E-02  1024    48   100
     4   0.216E-02  1024    48   100
     5   0.202E-02  1024    48   100
     6   0.199E-02  1024    48   100
     7   0.193E-02  1024    48   100
     8   0.118E-02  1024    48   100
     9   0.178E-02  1024    48   100
    10   0.109E-02  1024    48   100
    11   0.142E-02  1024    48   100
    12   0.137E-02  1024    48   100
    13   0.158E-02  1024    48   100
    14   0.166E-02  1024    48   100
    15   0.149E-02  1024    48   100
    16   0.138E-02  1024    48   100
    17   0.158E-02  1024    48   100
    18   0.115E-02  1024    48   100
    19   0.166E-02  1024    48   100
    20   0.140E-02  1024    48   100
    21   0.113E-02  1024    48   100
    22   0.183E-02  1024    48   100
    23   0.151E-02  1024    48   100
    24   0.165E-02  1024    48   100
