     2   0.540E-01  1024   768   100
     3   0.373E-01  1024   768   100
     4   0.277E-01  1024   768   100
     5   0.228E-01  1024   768   100
     6   0.194E-01  1024   768   100
     7   0.170E-01  1024   768   100
     8   0.151E-01  1024   768   100
     9   0.136E-01  1024   768   100
    10   0.122E-01  1024   768   100
    11   0.112E-01  1024   768   100
    12   0.110E-01  1024   768   100
    13   0.962E-02  1024   768   100
    14   0.171E-01  1024   768   100
    15   0.161E-01  1024   768   100
    16   0.790E-02  1024   768   100
    17   0.144E-01  1024   768   100
    18   0.134E-01  1024   768   100
    19   0.743E-02  1024   768   100
    20   0.750E-02  1024   768   100
    21   0.744E-02  1024   768   100
    22   0.645E-02  1024   768   100
    23   0.624E-02  1024   768   100
    24   0.677E-02  1024   768   100
    25   0.577E-02  1024   768   100
    26   0.624E-02  1024   768   100
    27   0.542E-02  1024   768   100
    28   0.891E-02  1024   768   100
    29   0.862E-02  1024   768   100
    30   0.841E-02  1024   768   100
    31   0.865E-02  1024   768   100
    32   0.773E-02  1024   768   100
    33   0.762E-02  1024   768   100
    34   0.745E-02  1024   768   100
    35   0.764E-02  1024   768   100
    36   0.714E-02  1024   768   100
    37   0.687E-02  1024   768   100
    38   0.688E-02  1024   768   100
    39   0.726E-02  1024   768   100
    40   0.710E-02  1024   768   100
    41   0.676E-02  1024   768   100
    42   0.641E-02  1024   768   100
    43   0.722E-02  1024   768   100
    44   0.647E-02  1024   768   100
    45   0.658E-02  1024   768   100
    46   0.643E-02  1024   768   100
    47   0.627E-02  1024   768   100
    48   0.601E-02  1024   768   100
    49   0.590E-02  1024   768   100
    50   0.583E-02  1024   768   100
    51   0.627E-02  1024   768   100
    52   0.624E-02  1024   768   100
    53   0.591E-02  1024   768   100
    54   0.568E-02  1024   768   100
