     2   0.354E-01  1024   512   100
     3   0.370E-01  1024   768   100
     4   0.366E-01  1024  1024   100
     5   0.374E-01  1024  1280   100
     6   0.375E-01  1024  1536   100
     7   0.381E-01  1024  1792   100
     8   0.374E-01  1024  2048   100
     9   0.381E-01  1024  2304   100
    10   0.385E-01  1024  2560   100
    11   0.433E-01  1024  2816   100
    12   0.441E-01  1024  3072   100
    13   0.417E-01  1024  3328   100
    14   0.100E+00  1024  3584   100
    15   0.114E+00  1024  3840   100
    16   0.927E-01  1024  4096   100
    17   0.104E+00  1024  4352   100
    18   0.101E+00  1024  4608   100
    19   0.270E+00  1024  4864   100
    20   0.264E+00  1024  5120   100
    21   0.276E+00  1024  5376   100
    22   0.265E+00  1024  5632   100
    23   0.266E+00  1024  5888   100
    24   0.270E+00  1024  6144   100
    25   0.269E+00  1024  6400   100
    26   0.269E+00  1024  6656   100
    27   0.268E+00  1024  6912   100
    28   0.263E+00  1024  7168   100
    29   0.256E+00  1024  7424   100
    30   0.260E+00  1024  7680   100
    31   0.290E+00  1024  7936   100
    32   0.285E+00  1024  8192   100
    33   0.326E+00  1024  8448   100
    34   0.310E+00  1024  8704   100
    35   0.349E+00  1024  8960   100
    36   0.359E+00  1024  9216   100
    37   0.383E+00  1024  9472   100
    38   0.371E+00  1024  9728   100
    39   0.397E+00  1024  9984   100
    40   0.403E+00  1024 10240   100
    41   0.420E+00  1024 10496   100
    42   0.419E+00  1024 10752   100
    43   0.446E+00  1024 11008   100
    44   0.444E+00  1024 11264   100
    45   0.465E+00  1024 11520   100
    46   0.466E+00  1024 11776   100
    47   0.487E+00  1024 12032   100
    48   0.486E+00  1024 12288   100
    49   0.507E+00  1024 12544   100
    50   0.508E+00  1024 12800   100
    51   0.529E+00  1024 13056   100
    52   0.531E+00  1024 13312   100
    53   0.552E+00  1024 13568   100
    54   0.576E+00  1024 13824   100
