     2   0.105E-01  1024   128   100
     3   0.973E-02  1024   192   100
     4   0.987E-02  1024   256   100
     5   0.104E-01  1024   320   100
     6   0.102E-01  1024   384   100
     7   0.107E-01  1024   448   100
     8   0.106E-01  1024   512   100
     9   0.106E-01  1024   576   100
    10   0.101E-01  1024   640   100
    11   0.106E-01  1024   704   100
    12   0.115E-01  1024   768   100
    13   0.103E-01  1024   832   100
    14   0.199E-01  1024   896   100
    15   0.200E-01  1024   960   100
    16   0.197E-01  1024  1024   100
    17   0.198E-01  1024  1088   100
    18   0.205E-01  1024  1152   100
    19   0.117E-01  1024  1216   100
    20   0.119E-01  1024  1280   100
    21   0.116E-01  1024  1344   100
    22   0.123E-01  1024  1408   100
    23   0.117E-01  1024  1472   100
    24   0.121E-01  1024  1536   100
    25   0.117E-01  1024  1600   100
    26   0.121E-01  1024  1664   100
    27   0.121E-01  1024  1728   100
    28   0.195E-01  1024  1792   100
    29   0.204E-01  1024  1856   100
    30   0.210E-01  1024  1920   100
    31   0.203E-01  1024  1984   100
    32   0.201E-01  1024  2048   100
    33   0.204E-01  1024  2112   100
    34   0.205E-01  1024  2176   100
    35   0.207E-01  1024  2240   100
    36   0.209E-01  1024  2304   100
    37   0.208E-01  1024  2368   100
    38   0.216E-01  1024  2432   100
    39   0.209E-01  1024  2496   100
    40   0.210E-01  1024  2560   100
    41   0.210E-01  1024  2624   100
    42   0.211E-01  1024  2688   100
    43   0.220E-01  1024  2752   100
    44   0.213E-01  1024  2816   100
    45   0.221E-01  1024  2880   100
    46   0.216E-01  1024  2944   100
    47   0.215E-01  1024  3008   100
    48   0.218E-01  1024  3072   100
    49   0.224E-01  1024  3136   100
    50   0.218E-01  1024  3200   100
    51   0.228E-01  1024  3264   100
    52   0.226E-01  1024  3328   100
    53   0.234E-01  1024  3392   100
    54   0.241E-01  1024  3456   100
