     2   0.178E-02  1024     8   100
     3   0.111E-02  1024    12   100
     4   0.129E-02  1024    16   100
     5   0.105E-02  1024    20   100
     6   0.163E-02  1024    24   100
     7   0.177E-02  1024    28   100
     8   0.973E-03  1024    32   100
     9   0.149E-02  1024    36   100
    10   0.138E-02  1024    40   100
    11   0.106E-02  1024    44   100
    12   0.136E-02  1024    48   100
    13   0.194E-02  1024    52   100
    14   0.187E-02  1024    56   100
    15   0.204E-02  1024    60   100
    16   0.217E-02  1024    64   100
    17   0.209E-02  1024    68   100
    18   0.171E-02  1024    72   100
    19   0.149E-02  1024    76   100
    20   0.145E-02  1024    80   100
    21   0.168E-02  1024    84   100
    22   0.204E-02  1024    88   100
    23   0.174E-02  1024    92   100
    24   0.194E-02  1024    96   100
    25   0.153E-02  1024   100   100
    26   0.887E-03  1024   104   100
    27   0.215E-02  1024   108   100
    28   0.249E-02  1024   112   100
    29   0.215E-02  1024   116   100
    30   0.214E-02  1024   120   100
    31   0.205E-02  1024   124   100
    32   0.114E-02  1024   128   100
    33   0.130E-02  1024   132   100
    34   0.195E-02  1024   136   100
    35   0.187E-02  1024   140   100
    36   0.215E-02  1024   144   100
    37   0.182E-02  1024   148   100
    38   0.191E-02  1024   152   100
    39   0.251E-02  1024   156   100
    40   0.267E-02  1024   160   100
    41   0.216E-02  1024   164   100
    42   0.142E-02  1024   168   100
    43   0.230E-02  1024   172   100
    44   0.190E-02  1024   176   100
    45   0.219E-02  1024   180   100
    46   0.188E-02  1024   184   100
    47   0.207E-02  1024   188   100
    48   0.195E-02  1024   192   100
    49   0.250E-02  1024   196   100
    50   0.194E-02  1024   200   100
    51   0.225E-02  1024   204   100
    52   0.222E-02  1024   208   100
    53   0.200E-02  1024   212   100
    54   0.212E-02  1024   216   100
